11 100.3396704 2.0 2.0 0.00987434858628
12 104.0514836 4.0 0.0 -0.000179601297386
14 102.3002484 2.0 0.0 -2.24404934216e-05
18 102.1482252 2.0 0.0 -1.35428739906e-05
26 103.428004 0.0 2.0 0.00178858880343
42 100.7463812 0.0 2.0 0.00151687523701
74 101.0756958 2.0 4.0 0.00247603165592
138 101.0295034 2.0 2.0 0.00103860826665
266 102.5711402 3.99999999999 2.0 0.000938380632677
522 103.0089676 1.99999999999 2.0 0.00086005432558
1034 102.2380626 0.0 4.0 0.00152868827885
2058 102.5162284 0.0 2.0 0.000684720462872
4106 105.8095702 2.0 2.0 0.000639464508788
8202 116.0161188 2.0 2.0 0.000574993344805
16394 291.133018 2.0 2.0 0.00054367134406
32778 348.4995004 20.0 2.0 0.000513847942866
65491 570.0771302 40.0 2.0 0.000468050801189
131027 918.8382658 288.0 6.0 0.00126361675962
262099 1543.888849 420.0 4.0 0.000727105670734
524243 2812.5956124 1432.0 12.0 0.00197445595448
1048531 5040.3160068 2892.0 18.0 0.00250238242049
