11 118.405194 2.00000000004 2.0 0.00686944447768
12 124.7336928 0.0 2.0 0.00481579581026
14 123.501505401 0.0 2.0 0.00324886289798
18 120.1395598 0.0 2.0 0.00245158126992
26 125.0845074 0.0 4.0 0.00361250619385
42 118.3425546 0.0 2.0 0.00141173148867
74 124.8786226 0.0 2.0 0.00123685837972
138 118.0754924 0.0 2.0 0.00110053375887
266 140.484255999 0.0 4.0 0.00189303067583
522 131.1391154 0.0 0.0 0.0
1034 140.935608799 0.0 0.0 0.0
2058 116.292997601 2.00000000004 0.0 -1.63606072765e-06
4106 141.2727456 2.00000000004 0.0 -1.33402630759e-06
8202 181.341649 2.00000000004 2.0 0.000592344501546
16394 355.0280844 2.00000000004 2.0 0.00055915696624
32778 475.3314428 23.9999999998 0.0 -1.17643676724e-05
65491 667.277200801 55.9999999997 0.0 -2.45548937529e-05
131027 1096.2457766 336.0 4.0 0.000783563570135
262099 2142.9963286 546.0 6.0 0.00110509517249
524243 3033.0108002 1698.0 12.0 0.00185212451373
1048531 6140.7290942 3134.0 22.0 0.00313907961082
