10 330.8781934 324.0 10.0 -0.60267526943
11 354.5008484 346.0 8.0 0.0129940864514
13 260.6483574 252.0 4.0 0.00268045473671
17 222.8652252 216.0 8.0 0.00785518939007
25 342.0084576 344.0 4.0 0.00189108393272
41 253.1031638 246.0 10.0 0.0063040949743
73 269.53769 264.0 2.0 0.000693631951616
137 298.7157974 288.0 10.0 0.00459372362851
265 223.0871 210.0 10.0 0.00418591615052
521 399.716659 380.0 10.0 0.00354610871767
1033 258.2118608 222.0 10.0 0.0033957270525
2066 462.3827307 586.0 22.0 0.00667774980771
4132 939.62426175 1450.0 44.0 0.011791737053
8264 1027.98006415 1636.0 86.0 0.0217549317182
16528 1327.55353814 2222.0 172.0 0.0400898173616
33056 2961.37823801 6082.0 344.0 0.0668996592495
66112 6722.16441495 13582.0 692.0 0.103485861801
132224 12650.6195299 24166.0 1412.0 0.155896261907
264704 24870.6772139 50436.0 2954.0 0.197353192653
529408 50685.3046746 100754.0 6378.0 0.226163225724
1058816 102897.522973 205086.0 15242.0 0.274038250882
