11 189.459380601 182.0 6.0 -0.987538753073
12 236.5995394 236.0 10.0 0.0207907661428
14 205.4825818 200.0 4.0 0.00496944471084
18 120.8215756 114.0 10.0 0.0105640142805
26 1079.698226 588.0 10.0 0.00639740167141
42 124.81816 118.0 6.0 0.00398709880125
74 119.4250232 112.0 10.0 0.00569689770955
138 122.856901 112.0 6.0 0.00297797136817
266 123.7669628 112.0 0.0 -0.00016273291221
522 128.7031488 110.000000001 10.0 0.00387011374133
1034 167.5400294 136.0 10.0 0.00348352885102
2068 246.340096 302.0 22.0 0.00708111788796
4136 377.9811273 546.0 44.0 0.0130077282968
8272 668.24859295 1120.0 88.0 0.0236534679855
16544 1239.27001461 2316.0 172.0 0.0412602357048
33088 3105.35833481 5404.0 348.0 0.0709472510989
66176 4579.95318522 9034.0 700.0 0.120096881492
132352 9284.80891524 18418.0 1424.0 0.183671690757
264704 18689.5342555 36932.0 2970.0 0.253566696289
529408 46762.4837653 100854.0 6434.0 0.217745664682
1058816 120871.43555 242570.0 15492.0 0.180604870063
