11 207.4437484 0.0 2.0 0.0125156445557
12 138.304847 0.0 0.0 0.0
14 270.7333298 4.00000000008 4.0 0.0060543961834
18 107.086356 2.00000000004 0.0 -1.05303173103e-05
26 208.7628386 2.00000000004 4.0 0.00360001551868
42 155.9102048 0.0 0.0 0.0
74 194.9018262 1.99999999995 4.0 0.00256105177805
138 258.186135 1.99999999995 2.0 0.00101654696084
266 244.1457782 3.9999999999 2.0 0.000965278844583
522 221.2318242 0.0 2.0 0.000828981182128
1034 139.1387688 2.00000000004 2.0 0.000794373668746
2058 151.403061 4.00000000008 4.0 0.00137070615253
4106 238.127385 2.00000000004 0.0 -1.21722347285e-06
8202 164.1583854 2.00000000004 0.0 -1.12654223001e-06
16394 655.3639656 1.99999999995 0.0 -9.798815722e-07
32778 765.104381 66.0 4.0 0.00101154016694
65491 1076.165016 48.0 6.0 0.00143773862118
131027 1353.209937 654.0 10.0 0.00203011078489
262099 2332.9517588 756.0 16.0 0.00317636919677
524243 3907.1830722 1818.0 34.0 0.0062256048767
1048531 6371.3595792 3518.0 76.0 0.0131105987539
