11 136.2105294 0.0 0.0 0.0
12 138.5797832 2.00000000004 2.0 0.00755923222973
14 135.4408836 4.00000000008 4.0 0.00775360111014
18 118.090892 1.99999999986 2.0 0.00230718145491
26 126.4163844 3.9999999999 2.0 0.00178425810579
42 112.0490176 0.0 0.0 0.0
74 121.4687526 0.0 2.0 0.00116618075802
138 142.4736644 0.0 2.0 0.00101765633745
266 122.2971534 4.00000000008 0.0 -3.90197479022e-06
522 115.213797 4.00000000008 2.0 0.0008604785414
1034 123.8291928 0.0 4.0 0.00155878570594
2058 172.9665468 0.0 2.0 0.000685753471626
4106 141.6237898 0.0 0.0 0.0
8202 148.0242862 0.0 4.0 0.00120616538305
16394 382.7432966 2.00000000004 0.0 -8.558801392e-07
32778 438.841449 29.9999999997 2.0 0.000518623824891
65491 749.9895242 188.0 6.0 0.00140532384082
131027 1110.5493516 406.0 10.0 0.00214548957723
262099 2032.8978358 538.0 16.0 0.00325900468602
524243 3091.1016676 1482.0 34.0 0.00642254869062
1048531 6469.120374 4014.0 84.0 0.0145079132172
