330.0 0.0 -0.574312565263
100.0 10.0 0.138469700672
150.0 10.0 0.0783632366499
250.0 0.0 -1.70625170625
330.0 0.0 -0.357390400277
150.000000001 0.0 -0.0781222874209
160.0 0.0 -0.0463855509008
170.0 10.0 0.141177191156
349.999999999 0.0 -0.0503907856848
360.000000001 0.0 -0.0363340133946
110.0 10.0 0.0955335340194
200.0 0.0 -0.013924134354
360.0 10.0 0.0620632601449
200.000000001 0.0 -0.0101917117603
509.999999999 0.0 -0.0214074837578
1110.0 20.0 0.0806406886071
1570.0 20.0 0.0531710053262
2370.0 30.0 0.0604686318972
6120.0 80.0 0.121581306805
170.0 0.0 -0.798872180452
370.0 10.0 0.0511479881792
100.0 0.0 -0.055869934792
340.0 0.0 -0.105176170085
349.999999999 0.0 -0.0657887670378
90.0000000001 0.0 -0.0117099936432
99.9999999995 10.0 0.108074030711
100.0 0.0 -0.00880878764659
390.0 0.0 -0.0302423002759
330.0 10.0 0.0611284308332
559.999999999 0.0 -0.030334267376
670.0 10.0 0.0353557515629
600.0 10.0 0.0350622725714
1960.0 10.0 -0.0147553302945
